//3850 ok
//4267 ok
//4334 ok
//4380 ok
//4366 ok
//4323 ok
//4307 ok
//4319 ok
//4368 ok
//4349 ok
//4267 ok!
//4377 ok
//4361 ok
//4103 ok!
//4360 ok!
//4325 ok!

//3856 ok tiene problema en una parte del patrón porque falta la D en un AIGE?EGIA, TODO: ¿se podría adivinar?
//3809 reconoció parcial, pero es un desastre...

//3851 ok en galpón (TODO: hacer un reconocedor de galpón)
//4309 ok en galpón (TODO: hacer un reconocedor de galpón)
//3847 ok en galpón (TODO: hacer un reconocedor de galpón)
//4336 ok en galpón (TODO: hacer un reconocedor de galpón)

//4372 ok (no tiene datos)
//4338 ok (no tiene datos)
//4262 ok (no tiene datos)
//4313 ok (no tiene datos)


//
3147
3148
3149
3150
3163
3199
3230
3231
3232
3297
3298
3330
3332
3333
3334
3347
3348
3349
3364
3365
3367
3381
3382
3383
3384
3398
3399
3400
3416
3417
3464
3465
3466
3467
3482
3484
3498
3499
3500
3501
3514
3515
3516
3517
3531
3598
3599
3600
3601
3632
3633
3648
3649
3650
3651
3681
3682
3683
3684
3685
3698
3700
3701
3732
3733
3735
3748
3749
3750
3751
3767
3782
3783
3784
3815
3816
3817
3832
3833
3834
3835
3849
3850
3851
3852
3865
3866
3867
4086
4101
4102
4133
4134
4135
4136
4167
4168
4169
4183
4184
4185
4186
4217
4219
4233
4266
4267
4268
4269
4270
4303
4316
4317
4318
4319
4320
4333
4334
4335
4336
4350
4351
4352
4353
4367
4368
4369
4370
4383
4384
4385
4386
4387
3152
3234
3236
3286
3288
3293
3295
3302
3304
3311
3318
3320
3327
3329
3338
3343
3345
3352
3354
3361
3363
3368
3370
3377
3379
3386
3388
3393
3395
3402
3411
3413
3427
3429
3461
3463
3468
3470
3472
3477
3486
3493
3495
3497
3502
3504
3511
3513
3518
3527
3595
3597
3638
3645
3647
3652
3654
3677
3679
3686
3688
3695
3697
3702
3704
3711
3736
3738
3745
3747
3752
3756
3761
3779
3781
3786
3788
3795
3811
3813
3822
3829
3831
3836
3838
3845
3847
3854
3856
3861
3863
4072
4088
4104
4106
4113
4129
4131
4170
4172
4179
4181
4188
4190
4220
4222
4224
4229
4231
4263
4265
4272
4274
4304
4313
4315
4322
4324
4329
4331
4338
4340
4347
4349
4354
4356
4363
4365
4372
4374
4379
4381
4388
4390
3155
3156
3157
3206
3290
3291
3305
3306
3308
3309
3322
3324
3325
3339
3340
3341
3342
3356
3357
3358
3359
3372
3375
3390
3391
3392
3407
3408
3422
3424
3425
3426
3456
3457
3458
3459
3473
3474
3475
3476
3489
3490
3491
3506
3507
3508
3509
3593
3640
3641
3643
3656
3676
3690
3691
3692
3693
3706
3707
3708
3709
3710
3740
3741
3742
3743
3757
3758
3759
3760
3773
3774
3775
3776
3777
3792
3793
3807
3808
3809
3810
3823
3824
3825
3826
3827
3840
3841
3857
3858
3859
3860
4074
4075
4076
4077
4108
4109
4110
4125
4127
4174
4175
4176
4177
4191
4225
4226
4227
4228
4259
4260
4261
4308
4309
4310
4311
4325
4326
4327
4328
4342
4343
4344
4345
4358
4359
4360
4361
4376
4377
4378
3226
3228
3235
3237
3285
3294
3296
3301
3312
3319
3321
3326
3328
3335
3337
3344
3346
3351
3362
3369
3371
3380
3387
3394
3396
3401
3403
3410
3412
3419
3421
3428
3430
3453
3455
3460
3462
3469
3471
3478
3480
3485
3487
3494
3496
3503
3505
3510
3519
3594
3596
3630
3637
3639
3644
3646
3655
3678
3680
3687
3689
3694
3696
3703
3737
3739
3744
3746
3753
3755
3778
3780
3789
3794
3796
3812
3814
3828
3830
3837
3839
3844
3846
3848
3853
3855
3862
3864
4071
4073
4087
4103
4107
4128
4130
4132
4171
4173
4180
4187
4189
4221
4223
4230
4232
4262
4264
4271
4273
4305
4307
4312
4314
4321
4323
4330
4332
4337
4339
4346
4348
4355
4357
4362
4364
4366
4371
4373
4380
4382